6000.828125
0.362462
-0.208050
-0.071329
0.114954
-0.174137
-0.362546
-0.164739
-0.009658
0.003386
0.056820
0.021426
-0.112755
-0.054385
0.109640
0.013336
-0.207592
-0.148500
0.087369
0.113039
-0.053732
-0.121701
-0.046488
0.019794
0.025700
-0.024358
-0.120657
-0.127460
0.030207
0.130190
0.025139
-0.046025
0.062469
0.119442
0.020877
-0.051679
-0.059605
-0.079642
-0.049579
0.006981
-0.051577
-0.120671
-0.024047
0.086404
0.034179
-0.059719
-0.095080
-0.141635
-0.181683
-0.142633
-0.076352
-0.054419
-0.078076
-0.118783
-0.108743
-0.020843
0.057654
0.079000
0.073424
0.010371
-0.092977
-0.101679
-0.032181
-0.022004
-0.009490
0.073418
0.046858
-0.115245
-0.129973
0.034897
0.073879
-0.073065
-0.148720
-0.045649
0.078085
0.059976
-0.069621
-0.132409
-0.068841
-0.022789
-0.039543
0.016346
0.133241
0.129955
-0.010519
-0.117491
-0.081869
0.041812
0.092879
-0.012776
-0.130382
-0.089019
0.031252
0.033825
-0.119964
-0.280060
-0.265581
-0.116125
-0.084383
-0.186994
-0.158604
-0.038099
-0.107743
-0.245347
-0.187043
-0.102637
-0.129596
-0.049237
0.086137
-0.023187
-0.230615
-0.241182
-0.179327
-0.177308
-0.144971
-0.153404
-0.251217
-0.220451
-0.072796
-0.078950
-0.176493
-0.157851
-0.113701
-0.112091
-0.093486
-0.176403
-0.337439
-0.265129
-0.061470
-0.144922
-0.330458
-0.194063
-0.021553
-0.216551
-0.439288
-0.290746
-0.036193
-0.020522
-0.131128
-0.168679
-0.173083
-0.252378
-0.426649
-0.673209
-0.971162
-1.268231
-1.468327
-1.580792
-1.862612
-2.551435
-3.482598
-4.373146
-5.325287
-6.461211
-7.517599
-8.535898
-9.970308
-11.412058
-11.901097
-11.708203
-11.229543
-8.872679
-3.375841
3.628422
10.216391
15.498400
16.489084
9.436299
-4.332557
-18.128190
-23.670302
-14.271437
7.156237
22.360524
13.273422
-12.217745
-22.402675
-0.486249
25.575356
14.939147
-20.145912
-22.533900
14.663171
27.200883
-6.879687
-23.429257
6.292060
22.418835
-1.861248
-13.453535
5.322446
9.538189
-5.314004
-3.309654
7.124725
0.375828
-5.723725
2.677573
3.622277
-4.412735
-0.947977
4.374113
-2.763813
-4.679120
4.029206
2.441967
-5.389104
-0.676004
4.592512
-1.884202
-3.482913
3.321494
1.606390
-3.550394
0.814685
3.324844
-2.117813
-1.575468
3.477093
0.799830
-2.072455
1.701450
1.473323
-2.298220
0.606894
2.956276
-1.610494
-1.510126
3.429206
0.607063
-3.592817
1.062781
3.255508
-2.283755
-2.190659
2.846726
0.771069
-2.515146
0.880400
1.898752
-1.719610
-0.548713
2.224576
-0.517706
-1.752274
1.586435
1.152354
-1.630956
0.293969
1.849543
-0.875953
-1.006959
1.536980
0.401468
-1.079588
0.972498
1.102776
-1.113302
0.063270
1.650513
-0.648680
-1.363149
1.347217
1.107452
-1.229708
-0.062425
1.499041
-0.247074
-0.965987
0.762200
0.693510
-0.544177
0.127673
0.738559
-0.110079
-0.043580
0.751936
0.357955
-0.033710
0.479588
0.456590
0.086458
0.350326
0.316223
-0.075800
0.271926
0.421061
-0.279825
-0.150370
0.591545
-0.009405
-0.784925
-0.058958
0.310183
-0.516362
-0.324544
0.642068
0.189390
-0.499662
0.338769
0.949768
0.336840
0.465837
1.524122
1.693830
1.386833
1.945662
2.614498
2.605446
2.645307
2.944390
2.946451
2.663016
2.120138
1.099118
-0.042880
-1.100317
-2.556638
-4.212935
-5.244184
-5.674982
-5.673685
-4.578606
-2.284419
0.381684
3.171046
5.934074
7.359799
6.437512
3.681879
-0.325977
-5.224676
-9.192221
-9.613092
-5.714206
0.874026
7.198825
9.714153
5.931987
-2.903026
-11.335002
-12.863272
-4.728933
8.645848
16.963454
11.901976
-3.700943
-15.894856
-12.282328
4.116631
15.727976
8.591735
-9.536609
-14.986150
1.647691
18.203732
8.883717
-15.114472
-17.467045
7.574454
22.120210
2.392585
-21.197056
-10.547845
17.184612
15.463353
-13.097981
-18.495925
9.165938
18.903708
-8.219477
-20.018679
8.664508
22.864627
-7.931183
-25.795199
4.758551
25.026168
-3.103071
-22.446526
3.872472
20.734550
-4.727936
-19.270243
5.224251
18.000591
-4.689082
-16.117805
3.684383
13.769452
-2.518647
-11.194409
1.560559
8.923740
-0.902233
-7.638226
-0.292369
6.448631
1.199588
-5.945526
-2.530807
4.843789
2.630728
-4.809268
-3.205749
4.183398
2.924745
-4.101723
-2.949022
3.687987
2.973812
-2.940554
-2.959413
1.918263
2.865367
-0.754139
-2.568678
-0.082050
2.570565
1.062331
-2.257803
-1.568605
2.040457
1.865949
-1.766051
-1.998631
1.256513
1.667936
-1.120235
-1.784893
0.387515
1.420183
0.145605
-0.952993
-0.440454
0.321797
-0.200006
-1.084526
-0.604520
0.383542
0.002122
-0.820028
-0.242859
0.733126
0.453897
-0.212386
0.048134
0.726007
0.908902
0.570131
0.234379
0.465525
0.946252
0.586408
-0.415989
-0.591095
0.008462
-0.132105
-1.066812
-1.498842
-1.305208
-1.471450
-2.150275
-2.426198
-1.791704
-1.007509
-0.869504
-0.622923
0.723098
2.219275
2.685491
3.216784
4.951176
6.456875
6.164140
4.760550
3.219786
1.270161
-1.275954
-3.983715
-6.406225
-7.916575
-7.935405
-6.615937
-4.217345
-0.621372
3.656310
7.330615
9.511532
9.778596
7.683998
3.261957
-2.537255
-8.048152
-11.219984
-10.701937
-6.710161
-0.096063
7.784788
13.314560
12.080738
3.811300
-6.934226
-14.958561
-16.469706
-9.324559
4.382507
17.366254
21.431732
12.515100
-6.085175
-22.482616
-22.672549
-4.080389
19.347590
28.759662
15.923618
-10.681872
-30.329614
-24.188768
6.008218
33.365707
28.543018
-7.810993
-39.349135
-29.273986
15.881824
46.726978
25.214193
-27.017337
-49.391843
-14.227173
36.613943
40.521340
-6.504337
-42.308874
-20.396906
26.045163
31.383633
-8.043256
-31.313518
-5.719979
26.586099
16.638049
-17.233979
-22.221789
5.871434
20.609039
1.649570
-16.464419
-5.559885
12.064608
7.164539
-7.554049
-5.913949
5.269243
4.545431
-3.756578
-2.817626
3.217068
1.481489
-2.661934
0.367467
3.102144
-1.434780
-3.417607
2.045617
3.297220
-2.390589
-2.455731
2.961586
1.225323
-3.732762
0.366021
5.249015
-0.958462
-5.973606
1.652481
6.862544
-1.033840
-5.928885
1.396207
5.336291
-1.155538
-4.004303
1.454796
3.287760
-1.129026
-2.351863
0.835319
1.532599
-0.760351
-1.318824
0.464295
1.538935
0.392020
-1.328715
-0.925717
1.105674
1.133396
-1.123009
-1.599149
0.382753
0.989658
-0.371724
-0.533131
0.653312
0.696195
-0.287796
-0.523813
0.086131
0.794818
1.090543
0.459194
-0.400705
0.019168
1.058735
0.760453
-0.363022
-0.478527
0.057170
-0.038225
-0.483239
-0.588552
-0.414812
-0.108663
-0.055693
-0.647836
-1.022071
-0.334590
0.272207
-0.198548
-0.471775
0.444530
1.469704
1.758546
1.707498
1.525871
1.319218
1.376474
1.119083
-0.061700
-1.207364
-1.426517
-1.437021
-1.707909
-1.679831
-1.356614
-0.863840
0.527992
2.578241
3.616407
3.243040
2.513896
1.477242
-0.446166
-2.684189
-4.276385
-4.776624
-3.755512
-1.366471
1.169011
3.100816
4.590758
5.080585
3.497673
0.138310
-3.378588
-5.376412
-4.650556
-1.215446
3.142865
6.027915
5.791467
1.912093
-4.244007
-9.104922
-9.054809
-3.278665
5.389466
11.561097
10.293737
1.349246
-9.416271
-14.165729
-9.148633
2.327990
11.884715
12.049580
2.364595
-9.582815
-13.670405
-5.567631
8.357675
15.229989
7.807422
-7.031739
-14.285338
-6.395026
8.262075
13.749531
3.931121
-9.939633
-11.545244
1.104154
12.769523
9.191617
-5.414559
-13.167293
-4.486398
9.409932
10.407830
-2.426572
-11.098863
-3.597770
8.922564
8.187823
-4.549271
-10.363866
-0.634088
10.080251
5.735331
-6.990889
-8.779674
2.856117
10.053632
2.335511
-7.990764
-5.858194
4.063493
6.569279
-0.517310
-5.217610
-1.149630
4.075610
2.439886
-2.510691
-2.931649
0.915017
2.717440
0.631351
-1.356255
-0.710798
0.826723
1.009057
-0.138537
-1.007861
-0.351631
1.000999
0.964380
-0.454953
-0.880492
0.306601
0.907470
0.040409
-0.512073
0.067606
0.449819
0.026285
-0.342073
-0.302648
-0.151016
0.224638
0.653786
0.316794
-0.580627
-0.611073
0.385770
0.803683
0.106082
-0.274190
0.290391
0.524561
-0.157592
-0.518875
0.096812
0.607681
0.289993
-0.093543
0.061208
0.233808
-0.008454
-0.228425
0.005566
0.366655
0.284750
-0.206509
-0.505699
-0.280213
0.115046
0.240057
0.163547
0.155534
0.226794
0.284219
0.356835
0.443861
0.445419
0.347161
0.247514
0.184063
0.067678
-0.220824
-0.662859
-0.984128
-0.867801
-0.419010
-0.139616
-0.219607
-0.228618
0.176812
0.674304
0.776092
0.498201
0.206962
0.124435
0.144662
-0.051156
-0.594735
-1.086432
-0.998847
-0.380211
0.260344
0.568569
0.524716
0.364029
0.403686
0.537850
0.235855
-0.498164
-0.884679
-0.538340
0.027251
0.343241
0.496195
0.603655
0.523847
0.066291
-0.750833
-1.421877
-1.171624
0.111695
1.549613
2.138922
1.478510
-0.225483
-2.190717
-3.249596
-2.557917
-0.214555
2.613313
4.087998
2.926679
-0.303078
-3.446891
-4.357275
-2.221691
1.803656
4.846487
4.218013
-0.100349
-4.959576
-6.209197
-2.005774
4.951392
8.784328
5.536305
-2.652267
-8.991629
-7.895723
-0.006544
7.806490
8.243926
0.808817
-7.112966
-7.567792
-0.289168
7.020223
6.708243
-0.668530
-6.716622
-4.515989
3.172090
7.010318
2.376737
-5.034553
-6.256649
0.120694
6.487559
5.504324
-1.319967
-5.972028
-3.769323
1.792624
4.414341
2.423310
-0.928408
-2.464852
-1.819995
-0.162919
1.335293
1.750273
0.784589
-0.719971
-1.403193
-0.729741
0.525177
1.126758
0.619330
-0.339479
-0.833222
-0.563199
0.157458
0.729486
0.552778
-0.298427
-0.818131
-0.328135
0.447594
0.548064
0.234656
0.166306
0.125853
-0.241443
-0.462299
-0.077370
0.484178
0.599286
0.227056
-0.285123
-0.498856
-0.128836
0.485515
0.608144
0.112953
-0.415827
-0.626214
-0.601203
-0.311455
0.226747
0.557259
0.340648
-0.093002
-0.294844
-0.272049
-0.156844
0.091040
0.370084
0.363247
0.028114
-0.216244
-0.025676
0.375245
0.507154
0.305773
0.093598
-0.018164
-0.146906
-0.148868
0.169331
0.440885
0.152239
-0.451086
-0.674462
-0.388713
0.004776
0.299568
0.478193
0.370594
-0.030541
-0.278148
-0.036200
0.396992
0.544121
0.381799
0.163822
-0.037406
-0.248284
-0.355561
-0.307874
-0.289480
-0.366588
-0.264243
0.152420
0.513786
0.461942
0.198272
0.110975
0.172646
0.085750
-0.240747
-0.642368
-0.898099
-0.821372
-0.357307
0.322927
0.916919
1.157910
0.908066
0.248389
-0.511719
-1.016413
-1.052059
-0.612441
0.103610
0.830848
1.403068
1.622447
1.150543
-0.044074
-1.311144
-1.854206
-1.442127
-0.314569
1.138932
2.266928
2.265576
0.875940
-1.178090
-2.581961
-2.283602
-0.262325
2.302199
3.759392
3.088038
0.515469
-2.548867
-4.165532
-3.081265
0.169798
3.443799
4.505379
2.594453
-1.051366
-3.914798
-3.912937
-1.132839
2.132196
3.442560
2.245762
-0.117205
-1.832303
-1.882030
-0.590671
0.789438
1.334595
1.176127
0.828680
0.385629
-0.318953
-1.242369
-1.926541
-1.594961
0.015633
1.802065
2.194032
1.010194
-0.474655
-1.139517
-0.909009
-0.400651
-0.196712
-0.188111
0.212004
0.922860
1.061652
0.338090
-0.440728
-0.556392
-0.147148
0.256125
0.303703
0.062973
-0.102451
-0.073205
-0.101421
-0.220205
-0.163139
0.049237
0.148561
0.116626
0.080454
0.030489
-0.040928
-0.078303
-0.064982
0.030320
0.181016
0.198967
0.037907
-0.069549
-0.036131
-0.028254
-0.077963
-0.075439
-0.032053
-0.004010
0.015584
0.025886
0.039623
0.050993
-0.020118
-0.117746
-0.069472
0.030240
-0.000690
0.005399
0.168587
0.234857
0.171725
0.222088
0.230139
0.004746
-0.056484
0.230822
0.367979
0.228724
0.208357
0.153215
-0.298545
-0.727643
-0.671080
-0.432384
-0.268752
-0.012170
0.218629
0.179913
0.085270
0.117422
0.103676
0.064994
0.155878
0.222855
0.197876
0.268599
0.290986
0.014473
-0.257870
-0.240211
-0.206029
-0.206447
0.099248
0.484493
0.427306
0.183497
0.192168
0.110706
-0.320248
-0.564463
-0.369788
-0.229893
-0.279881
-0.118155
0.210024
0.310115
0.229393
0.206291
0.182590
0.113179
0.086771
0.004715
-0.212684
-0.337247
-0.248691
-0.131773
0.015443
0.402272
0.883734
1.031682
0.727279
0.184301
-0.459338
-1.159061
-1.663376
-1.543295
-0.667493
0.527083
1.438355
1.760287
1.363634
0.209271
-1.274078
-2.239678
-2.152107
-1.108948
0.453918
1.917358
2.619542
2.298795
1.260164
0.067286
-0.740679
-0.872339
-0.475357
0.042028
0.343115
0.272631
-0.019964
-0.102798
0.199748
0.542015
0.596620
0.364478
-0.090689
-0.587152
-0.710010
-0.319922
0.176860
0.340738
0.093261
-0.285180
-0.293223
0.223432
0.690711
0.576307
0.112674
-0.253360
-0.387232
-0.217724
0.173461
0.359367
0.160042
-0.076677
-0.094709
0.055079
0.261654
0.267372
-0.065471
-0.275442
0.008083
0.309244
0.188978
0.000595
0.052371
0.140837
0.176086
0.204230
0.078219
-0.135894
-0.116824
0.040707
-0.012549
-0.172731
-0.118970
0.134464
0.382362
0.475889
0.357256
0.159427
0.053414
-0.029428
-0.173376
-0.232982
-0.138346
-0.074524
-0.185034
-0.388104
-0.482249
-0.362079
-0.198228
-0.198810
-0.227487
-0.087099
0.078686
0.152738
0.289188
0.445919
0.383849
0.209576
0.195877
0.273837
0.254860
0.176895
0.172503
0.319596
0.557155
0.668563
0.604652
0.540384
0.401651
-0.014280
-0.491179
-0.795397
-1.158156
-1.585612
-1.579037
-1.056493
-0.466036
0.066122
0.650246
1.116330
1.351472
1.477717
1.441795
1.152025
0.759563
0.285110
-0.399036
-1.068631
-1.399395
-1.502388
-1.588182
-1.563313
-1.285486
-0.753732
-0.054121
0.630175
1.159099
1.487419
1.428452
0.880855
0.242757
-0.126825
-0.457352
-0.883067
-1.018106
-0.737677
-0.387539
-0.047443
0.427571
0.832949
0.882230
0.649717
0.316736
-0.063718
-0.443848
-0.739198
-0.825498
-0.580837
-0.130105
0.189379
0.244364
0.162590
0.032493
-0.133898
-0.302512
-0.420647
-0.369242
-0.062807
0.333006
0.601136
0.738834
0.698230
0.323049
-0.211807
-0.532594
-0.630727
-0.632427
-0.375917
0.132000
0.416785
0.206276
-0.177453
-0.337462
-0.226577
-0.014031
0.167581
0.329940
0.482093
0.437464
0.078055
-0.284331
-0.264588
0.025955
0.202499
0.169915
0.075699
-0.042783
-0.193205
-0.197949
0.095122
0.445344
0.439230
0.064300
-0.290394
-0.329797
-0.040447
0.375185
0.523318
0.183842
-0.282844
-0.382583
-0.148987
0.111147
0.262549
0.185202
-0.166687
-0.423358
-0.215546
0.202519
0.334837
0.110820
-0.199666
-0.332386
-0.175913
0.104824
0.191995
0.005902
-0.219548
-0.218662
0.059114
0.335771
0.249754
-0.105389
-0.235351
0.037891
0.371355
0.401189
0.078736
-0.304098
-0.316405
0.056654
0.290881
0.116465
-0.099153
-0.045450
0.119188
0.163849
0.038713
-0.155150
-0.187222
0.006200
0.134996
0.026252
-0.096148
-0.057228
0.052952
0.136447
0.133574
0.039826
0.030784
0.161082
0.159735
-0.034618
-0.107501
-0.023212
-0.040549
-0.077582
0.073684
0.209795
0.129315
0.043259
0.106396
0.163974
0.121824
0.029108
-0.093313
-0.174753
-0.128611
-0.048914
-0.047101
-0.026512
0.092293
0.178322
0.143870
0.122830
0.226861
0.330808
0.258711
0.057623
-0.087645
-0.134555
-0.187471
-0.290029
-0.367260
-0.305621
-0.070752
0.176855
0.240211
0.183953
0.167953
0.137650
0.073660
0.130918
0.181062
-0.074130
-0.386544
-0.299133
-0.027605
0.010892
0.018921
0.258826
0.466577
0.430841
0.285352
0.076117
-0.180649
-0.288001
-0.221383
-0.150291
-0.034913
0.173313
0.265139
0.195729
0.180059
0.205048
0.103376
-0.072777
-0.220733
-0.288128
-0.132813
0.182344
0.316557
0.240947
0.172218
-0.038652
-0.471516
-0.607232
-0.221118
0.118427
0.152774
0.284728
0.515674
0.405275
0.038262
-0.166331
-0.215356
-0.247196
-0.106984
0.236594
0.468049
0.372299
0.063106
-0.248229
-0.422574
-0.376678
-0.097178
0.255430
0.395729
0.244197
0.023793
-0.128214
-0.246741
-0.186897
0.170422
0.463022
0.323259
-0.031661
-0.265609
-0.340162
-0.188147
0.186860
0.395791
0.236549
0.033765
-0.050636
-0.109480
0.053941
0.444173
0.481082
0.065933
-0.140546
-0.027765
-0.042479
-0.015507
0.299095
0.321484
-0.183950
-0.403767
0.001510
0.343228
0.277611
0.073566
-0.208366
-0.445366
-0.199019
0.395452
0.602445
0.250827
-0.158984
-0.291662
-0.112576
0.248808
0.397242
0.113489
-0.197887
-0.114220
0.187695
0.320034
0.140753
-0.255663
-0.525752
-0.319657
0.140800
0.241453
-0.097101
-0.293097
-0.008326
0.383714
0.386064
0.065609
-0.114234
-0.008759
0.062715
-0.070464
-0.171889
-0.073993
0.087535
0.175150
0.171100
0.091570
0.041731
0.106016
0.135086
0.006993
-0.081782
0.008344
0.062159
-0.062103
-0.175065
-0.138458
-0.040709
0.029829
0.026905
-0.057353
-0.061721
0.122785
0.248527
0.100749
-0.075185
-0.038643
0.009674
-0.094866
-0.150842
-0.060991
0.001464
0.033931
0.192467
0.390037
0.435242
0.358989
0.238905
0.053257
-0.098630
-0.070837
-0.009836
-0.156929
-0.364131
-0.262540
0.130175
0.382928
0.279916
0.118874
0.199761
0.341434
0.225408
-0.083085
-0.323109
-0.429956
-0.435283
-0.319845
-0.124618
0.095165
0.334990
0.448289
0.261785
-0.022968
-0.081736
-0.015538
-0.071627
-0.153962
-0.113595
-0.047138
-0.008803
0.071329
0.151470
0.152527
0.076622
-0.087031
-0.259211
-0.237717
-0.045486
0.104938
0.237420
0.405702
0.342606
-0.034143
-0.308428
-0.249195
-0.102541
-0.014893
0.099511
0.215678
0.265928
0.236843
0.040543
-0.263743
-0.353920
-0.159704
0.027161
0.124974
0.256764
0.307295
0.150839
-0.048160
-0.156704
-0.163990
0.033279
0.345229
0.382274
0.105103
-0.089016
-0.114604
-0.184653
-0.176692
0.102222
0.365996
0.299128
0.067525
-0.087310
-0.191764
-0.234591
-0.069802
0.247071
0.415292
0.248635
-0.091510
-0.251434
-0.075045
0.193565
0.206591
-0.042675
-0.237417
-0.159964
0.064593
0.174944
0.126851
0.106169
0.173896
0.142838
-0.045311
-0.136886
0.006582
0.160014
0.155841
0.130728
0.144767
0.045901
-0.126875
-0.124586
0.054358
0.186719
0.239577
0.295193
0.262862
0.093544
0.000085
0.112984
0.221717
0.112085
-0.116655
-0.243929
-0.224129
-0.147990
-0.043759
0.094421
0.149854
0.041983
-0.019551
0.153491
0.302792
0.137651
-0.095240
-0.041467
0.157578
0.200650
0.080555
-0.085307
-0.175965
-0.065551
0.080289
-0.064833
-0.320050
-0.228077
0.044209
0.014117
-0.166303
-0.085409
0.088748
0.035392
-0.085803
-0.065866
-0.025844
-0.031657
0.022328
0.089560
0.075218
0.101052
0.233346
0.246326
0.027455
-0.130196
0.001948
0.176273
0.106504
-0.042121
-0.019945
0.041730
-0.029272
-0.083498
-0.013710
0.023235
-0.001528
0.063353
0.139248
0.027834
-0.167059
-0.217109
-0.134707
-0.038787
0.029920
0.034633
-0.012178
0.005161
0.099556
0.134923
0.083241
0.054629
0.077873
0.082326
0.029542
-0.050857
-0.083364
-0.028816
0.043790
0.090252
0.173109
0.243194
0.130007
-0.091040
-0.146037
-0.050840
-0.043453
-0.090814
-0.012991
0.077707
-0.014461
-0.159680
-0.132512
-0.007452
-0.006199
-0.119793
-0.105612
0.147281
0.381078
0.277234
-0.061128
-0.254183
-0.199053
-0.076211
0.041812
0.163341
0.203351
0.161542
0.135697
0.052653
-0.157829
-0.257300
-0.082426
0.113655
0.144174
0.163306
0.182515
0.009468
-0.242866
-0.282651
-0.137636
0.023114
0.181419
0.244376
0.087147
-0.084930
-0.026778
0.074419
-0.009988
-0.095180
-0.001439
0.082469
0.000417
-0.088118
-0.023793
0.104720
0.115831
-0.017701
-0.119670
-0.060264
0.020170
-0.035449
-0.091561
-0.008731
0.038920
-0.075679
-0.127301
0.038883
0.191847
0.122406
-0.022395
-0.034855
0.034009
0.022198
-0.065824
-0.089614
-0.021683
0.020132
0.022690
0.100887
0.193802
0.099982
-0.100559
-0.107748
0.069254
0.133909
0.030088
-0.032409
0.011739
0.056787
0.067909
0.063625
0.030142
0.008233
0.080438
0.200406
0.201606
0.044620
-0.064648
0.045335
0.184102
0.055534
-0.199162
-0.197625
0.003306
0.043794
-0.072389
-0.111682
-0.096122
-0.072014
0.080740
0.228192
0.096347
-0.106829
-0.027089
0.121619
0.016971
-0.134083
-0.102677
-0.048860
-0.023705
0.119422
0.237534
0.103119
-0.084872
-0.016202
0.214866
0.295758
0.122705
-0.097839
-0.082803
0.129344
0.187310
0.015568
-0.040208
0.131216
0.207791
0.063972
-0.027075
0.079133
0.184139
0.105454
-0.064411
-0.105992
0.010829
0.075231
-0.005879
-0.024805
0.137949
0.254598
0.133298
-0.056183
-0.057072
0.106224
0.185280
0.053724
-0.105958
-0.063688
0.095333
0.117551
0.002657
-0.031713
0.066947
0.107975
-0.030045
-0.155986
-0.017026
0.211247
0.129858
-0.111501
-0.013801
0.254673
0.122678
-0.203884
-0.121094
0.148233
0.047134
-0.190479
-0.103339
0.095411
0.076966
0.005383
0.065489
0.137621
0.113332
0.027596
-0.036456
0.010293
0.118311
0.123717
0.064598
0.102453
0.131855
-0.022790
-0.185310
-0.117445
0.049158
0.087096
0.044574
0.048349
0.055984
0.011820
-0.004887
0.046768
0.050731
-0.034094
-0.029821
0.138450
0.232106
0.097418
-0.049284
-0.025439
0.014791
-0.067218
-0.130407
-0.033653
0.117848
0.130478
-0.003722
-0.084439
-0.012210
0.028077
-0.074936
-0.099741
0.055284
0.104976
-0.059811
-0.135971
-0.025375
0.005948
-0.080376
-0.059680
0.043736
0.053480
0.040212
0.115106
0.153869
0.075555
0.014330
0.030991
0.038611
0.041939
0.086141
0.074319
-0.032284
-0.056144
0.065938
0.121114
0.016491
-0.070475
-0.065383
-0.065761
-0.047783
0.044434
0.081347
-0.012019
-0.100548
-0.119600
-0.118311
-0.049304
0.086258
0.121350
0.032573
-0.025741
-0.051929
-0.096777
-0.039950
0.109789
0.117337
-0.009061
-0.008348
0.117096
0.138817
0.029271
-0.076507
-0.112301
-0.069308
0.011114
0.048608
0.041543
0.012437
-0.062786
-0.081022
0.086614
0.229408
0.087335
-0.099564
-0.008101
0.140536
0.055937
-0.059998
-0.009268
0.019403
-0.039731
0.026419
0.170227
0.117736
-0.063643
-0.100471
-0.044090
-0.070445
-0.052473
0.124720
0.202119
-0.005933
-0.216551
-0.153304
0.016545
0.059572
0.050693
0.100425
0.109676
0.006904
-0.078988
-0.030539
0.078410
0.118165
0.084184
0.041006
0.000609
-0.019826
0.021461
0.036668
-0.078875
-0.132637
0.086424
0.291834
0.128964
-0.129452
-0.080399
0.075185
0.027828
-0.054279
-0.000075
0.038172
0.013379
0.036594
0.053193
0.009659
0.012687
0.038512
-0.029131
-0.089071
-0.036662
0.000975
-0.016651
0.038972
0.112663
0.059680
-0.011719
0.042752
0.104863
0.043390
-0.046065
-0.033331
0.059125
0.121504
0.086500
-0.002187
-0.048004
-0.031161
-0.005814
0.000282
-0.005514
-0.009609
0.016050
0.078442
0.130235
0.125970
0.075202
0.026558
0.018770
0.033328
0.029129
0.024187
0.045479
0.053237
0.038749
0.057640
0.085034
0.059900
0.049157
0.109489
0.143880
0.107714
0.081517
0.055642
-0.015329
-0.027398
0.075988
0.150286
0.124235
0.113017
0.146427
0.103365
-0.039206
-0.123988
-0.037366
0.090813
0.065517
-0.028342
0.020152
0.106874
0.021207
-0.083128
-0.003322
0.096734
0.087089
0.113318
0.159584
0.063158
-0.065016
-0.066327
-0.031458
0.010245
0.116883
0.133138
-0.012485
-0.072767
0.010214
0.012565
-0.041631
0.006182
0.060908
0.064328
0.119816
0.129555
-0.011869
-0.091207
-0.010667
0.031761
0.034500
0.119104
0.143581
0.044424
0.021242
0.050837
-0.039715
-0.121411
-0.073398
-0.044260
-0.035061
0.045666
0.027616
-0.096563
-0.011796
0.188978
0.108085
-0.085433
-0.015867
0.100505
0.008277
-0.049333
0.022714
-0.004573
-0.054291
0.071110
0.154703
0.003375
-0.139545
-0.084622
0.032528
0.084950
0.046170
-0.082678
-0.162480
-0.057539
0.100460
0.122112
0.039979
-0.035861
-0.047414
0.044907
0.143128
0.062836
-0.102927
-0.071840
0.100951
0.113606
-0.012911
-0.032354
0.026230
0.006715
-0.011299
0.029306
-0.037576
-0.175226
-0.082433
0.184273
0.216711
0.013880
-0.039452
0.064786
0.021658
-0.122869
-0.118533
-0.025562
0.006202
0.049482
0.115562
0.072815
-0.005476
0.048332
0.117297
0.040210
-0.029012
0.064543
0.166485
0.130804
0.055207
0.033508
0.038421
0.062439
0.081075
0.015348
-0.070400
-0.012228
0.111342
0.067667
-0.089431
-0.110954
-0.008101
0.032239
0.031506
0.102334
0.149970
0.046760
-0.089277
-0.061776
0.094463
0.160722
0.047306
-0.085462
-0.084153
-0.024702
-0.015908
0.003085
0.056370
0.025468
-0.066005
-0.049473
0.035589
0.030759
0.009411
0.090794
0.149304
0.078302
-0.002712
-0.012640
0.000313
0.046249
0.132590
0.160480
0.099684
0.035716
0.004882
0.026134
0.153223
0.298740
0.271025
0.085411
-0.064278
-0.117668
-0.139344
-0.113751
0.000402
0.123995
0.132181
0.016870
-0.097532
-0.097973
-0.011229
0.061517
0.087630
0.079079
0.019589
-0.052297
-0.019982
0.117248
0.182741
0.076032
-0.072831
-0.110073
-0.057563
0.003033
0.073410
0.140411
0.123805
0.046204
0.030418
0.053366
-0.004605
-0.074671
-0.020238
0.067692
0.052140
-0.000593
-0.022683
-0.051481
-0.031138
0.067977
0.052241
-0.127449
-0.168748
0.025524
0.141058
0.077576
0.088861
0.180026
0.107880
-0.050668
-0.029049
0.095220
0.083747
-0.007163
-0.008678
0.027843
0.007780
0.002643
0.065055
0.104450
0.081358
0.086490
0.137313
0.112617
-0.018165
-0.087998
0.016984
0.147928
0.113160
-0.011567
-0.032647
0.023482
0.035229
0.080194
0.217365
0.235139
0.049122
-0.041664
0.090220
0.147269
0.030489
0.008144
0.104617
0.103353
0.075803
0.151478
0.126637
-0.065549
-0.109023
0.053822
0.102261
0.002427
-0.004709
0.044557
-0.001709
-0.027270
0.061873
0.101260
0.021772
0.000222
0.115961
0.201663
0.114198
-0.045943
-0.092269
-0.037790
-0.007132
0.057378
0.223446
0.262994
0.036364
-0.127168
0.009085
0.145825
0.048458
-0.069594
-0.070166
-0.071787
-0.053088
0.057829
0.109573
0.040401
0.034651
0.111536
0.107299
0.062924
0.083010
0.046202
-0.099879
-0.157070
-0.067091
-0.006954
-0.009594
0.032198
0.065972
0.005865
-0.043383
-0.003752
0.023377
0.010457
0.053920
0.104625
0.046376
-0.015509
0.038469
0.049867
-0.079693
-0.116070
0.033164
0.070253
-0.108337
-0.183319
-0.035740
0.058171
0.002784
0.007423
0.102531
0.097982
-0.021269
-0.081423
-0.017929
0.073828
0.107843
0.093274
0.075429
0.054494
0.015473
-0.003109
0.031538
0.082620
0.111790
0.092589
-0.024678
-0.188672
-0.227144
-0.123732
-0.053378
-0.045281
0.022709
0.105511
0.070702
-0.013913
-0.009492
0.055906
0.077509
0.024615
-0.043445
-0.033669
0.031706
0.022312
-0.032672
0.001608
0.012883
-0.144815
-0.235186
-0.069533
0.040290
-0.103679
-0.158753
0.033208
0.114809
-0.026228
-0.047195
0.123400
0.165113
-0.002628
-0.119712
-0.079664
-0.063926
-0.162517
-0.165811
0.072667
0.272006
0.126395
-0.118634
-0.064609
0.129928
0.093004
-0.079082
-0.097927
0.003340
0.065853
0.064884
0.015171
-0.016285
0.063247
0.136013
0.040886
-0.053500
0.037011
0.089627
-0.084780
-0.228746
-0.132640
0.015864
0.078296
0.156850
0.215927
0.109250
-0.034697
0.005452
0.114945
0.073798
-0.018957
0.008866
0.041596
-0.034808
-0.059424
0.041126
0.070246
-0.011097
-0.000216
0.096563
0.085622
0.000481
-0.007805
0.023853
0.017770
-0.015386
-0.077734
-0.087675
0.073477
0.205320
0.042849
-0.147086
-0.023056
0.104742
-0.083074
-0.195665
0.062834
0.255480
0.085880
-0.082944
-0.006290
0.103935
0.128289
0.131266
0.079596
0.015657
0.103473
0.215889
0.055325
-0.228831
-0.217721
0.024225
0.078463
-0.060787
-0.049993
0.124984
0.189185
0.106587
0.020652
-0.053972
-0.089481
0.007651
0.111029
0.025564
-0.108817
-0.075713
0.014265
0.010204
-0.007726
0.012680
0.025650
0.055498
0.071164
-0.018798
-0.097632
-0.029268
0.025422
-0.040401
-0.045072
0.032017
-0.005429
-0.112833
-0.141177
-0.162012
-0.159184
0.031218
0.242174
0.174317
-0.012965
-0.028516
0.016294
-0.030673
-0.031818
0.063740
0.102635
0.089799
0.155080
0.222152
0.122035
-0.056761
-0.050930
0.163184
0.306040
0.212708
0.029047
-0.093076
-0.144835
-0.098707
0.018695
0.050780
-0.000763
0.009876
0.012017
-0.071923
-0.035256
0.120376
0.064083
-0.109675
-0.006832
0.162672
-0.009506
-0.219061
-0.070519
0.141625
0.097011
-0.030901
-0.078806
-0.062569
0.037825
0.120672
0.053286
-0.016770
-0.008489
-0.106726
-0.191558
0.053071
0.350550
0.224205
-0.085524
-0.113483
-0.008988
-0.087436
-0.210644
-0.114856
0.151599
0.324047
0.245419
0.057928
-0.022864
-0.045111
-0.116619
-0.140007
-0.112905
-0.180273
-0.205475
0.002637
0.176397
0.069502
-0.035060
0.068815
0.138434
0.072833
0.051716
0.062327
0.001157
-0.015095
0.080307
0.121567
0.013339
-0.128521
-0.152659
-0.036295
0.070358
0.038855
-0.028973
-0.021132
-0.015887
-0.009894
0.111713
0.217325
0.110642
-0.053455
-0.068620
-0.012368
0.045340
0.118861
0.085362
-0.063067
-0.085576
0.019537
0.005761
-0.073628
-0.029520
0.010959
-0.052573
-0.027842
0.100048
0.092471
-0.044682
-0.095301
-0.022775
0.077284
0.139776
0.121473
0.078662
0.109665
0.128118
0.023253
-0.069492
-0.029544
0.023637
0.033035
0.091531
0.134945
0.021690
-0.151534
-0.201593
-0.139052
-0.060467
0.009685
0.070195
0.103886
0.091486
0.031728
-0.006704
0.049921
0.125232
0.080496
-0.046832
-0.087207
0.010247
0.114827
0.092813
-0.000895
0.009906
0.114782
0.100941
-0.040342
-0.072493
0.015995
0.007083
-0.072842
-0.045743
0.003041
-0.054551
-0.086858
-0.031980
-0.035529
-0.059085
0.059068
0.192943
0.154774
0.064307
0.052503
0.040961
0.037467
0.123326
0.170542
0.056135
-0.084317
-0.135829
-0.150529
-0.131845
-0.073020
-0.052214
-0.029714
0.084998
0.155963
0.079540
0.035936
0.069113
-0.018330
-0.132686
-0.015929
0.151324
0.076847
-0.065947
-0.060505
-0.043867
-0.058140
0.063042
0.232175
0.223049
0.100030
0.028954
0.002642
0.007634
0.067081
0.102037
0.054895
0.000995
0.004440
0.048221
0.070585
0.001579
-0.089050
-0.028297
0.120405
0.127107
0.044429
0.061568
0.078835
-0.021568
-0.072434
-0.006449
0.013601
-0.006434
0.016724
-0.050826
-0.200914
-0.136328
0.119214
0.178165
0.020501
-0.022935
0.048312
-0.008613
-0.123840
-0.060383
0.126405
0.194340
0.091574
-0.015220
-0.005048
0.049812
0.037773
-0.010333
-0.019544
-0.008905
0.001004
0.031129
0.045277
0.032936
0.089275
0.184562
0.130451
-0.036888
-0.061029
0.057124
0.088077
0.033340
0.049493
0.097375
0.084340
0.060386
0.039245
-0.004768
0.025021
0.121634
0.065843
-0.121728
-0.137418
0.003538
0.008527
-0.076872
-0.048297
-0.039718
-0.145668
-0.114828
0.069854
0.089593
-0.012877
0.066182
0.204891
0.140150
0.033723
0.071104
0.095542
0.023702
-0.016068
0.001083
0.046413
0.133372
0.144482
0.019023
-0.022639
0.089939
0.096926
-0.033918
-0.066213
-0.031250
0.018452
0.116259
0.099552
-0.027123
-0.005905
0.108200
0.068312
-0.052503
-0.076531
-0.041785
0.007057
0.062943
0.036766
-0.023788
0.029347
0.063936
-0.081613
-0.176239
-0.069884
-0.047768
-0.192163
-0.185049
-0.015734
0.019193
-0.030211
0.028957
0.048287
-0.055575
-0.027891
0.154307
0.180188
0.032408
-0.018138
0.046315
0.067267
0.053536
0.043426
-0.003571
-0.030156
0.013906
0.004794
-0.077493
-0.039590
0.112103
0.123403
-0.024643
-0.099763
-0.060944
-0.046638
-0.065598
-0.055224
-0.035755
-0.016393
0.021631
0.028372
-0.019256
-0.026201
0.052816
0.095064
-0.014187
-0.177163
-0.179951
-0.016799
0.065403
-0.012236
-0.019492
0.080610
0.008210
-0.214054
-0.212051
0.015559
0.108671
0.038538
0.020980
0.022736
-0.018841
0.025774
0.119915
0.087096
0.018983
0.053473
0.039306
-0.091257
-0.118281
0.012451
0.088107
0.038651
-0.014144
-0.005027
0.042731
0.067223
0.017875
-0.041231
-0.023262
0.028853
0.069193
0.105072
0.045881
-0.137222
-0.228574
-0.136211
-0.062836
-0.048289
0.047985
0.090507
-0.073001
-0.172192
-0.020607
0.096548
0.029688
0.002892
0.039142
-0.046394
-0.165250
-0.149487
-0.097924
-0.098071
-0.063420
0.014441
0.085742
0.172306
0.207560
0.095282
-0.031684
-0.024127
0.017202
0.015433
0.043507
0.035353
-0.105474
-0.205254
-0.129703
-0.057591
-0.079790
-0.046469
0.026408
-0.003294
-0.037472
0.035778
0.062000
-0.014401
0.005818
0.125094
0.111446
-0.021043
-0.043129
0.044953
0.049525
-0.056732
-0.115437
-0.034467
0.088866
0.095367
-0.012293
-0.073102
-0.023297
0.028498
0.004444
-0.059477
-0.115380
-0.143875
-0.141584
-0.104661
0.002496
0.157585
0.206120
0.088588
-0.020628
-0.021908
-0.023536
-0.030016
0.058374
0.140290
0.079863
-0.003338
0.006251
0.004583
-0.071823
-0.140892
-0.141545
-0.053918
0.064656
0.048190
-0.091848
-0.115806
-0.017787
-0.017905
-0.063066
0.007490
0.046096
-0.038048
-0.022282
0.113551
0.114106
-0.011020
-0.065277
-0.054832
-0.008381
0.112578
0.154063
-0.005677
-0.147860
-0.111861
-0.052949
-0.045020
-0.000113
0.018917
-0.071902
-0.136787
-0.048858
0.103466
0.159555
0.067504
-0.047021
-0.028897
0.048683
0.034580
0.006317
0.032297
-0.027506
-0.128570
-0.055937
0.034227
-0.123161
-0.288172
-0.172271
-0.000565
0.013485
0.032574
0.116294
0.137648
0.149956
0.215983
0.166958
-0.072881
-0.286849
-0.258069
-0.041363
0.089624
0.019491
0.018436
0.225224
0.248374
-0.098842
-0.316879
-0.125481
0.069331
0.048841
0.049779
0.081776
-0.014749
-0.109043
-0.068833
0.014005
0.087947
0.083627
-0.092805
-0.191218
0.032470
0.209612
0.024587
-0.116192
0.052666
0.126326
-0.045392
-0.091670
0.032879
0.053741
0.009853
0.036695
0.020114
-0.062976
-0.048142
0.071904
0.186677
0.261353
0.224765
0.019885
-0.167351
-0.108572
0.093865
0.150573
0.015654
-0.094195
-0.081900
-0.084853
-0.143482
-0.117272
-0.029597
-0.033822
-0.038822
0.073129
0.075627
-0.159392
-0.311913
-0.200925
-0.064718
-0.010780
0.065198
0.085141
-0.008554
-0.029429
0.041574
0.013210
-0.048109
0.029516
0.114208
0.061845
-0.007234
-0.015612
-0.021179
-0.011178
0.003499
-0.043613
-0.051758
0.072953
0.137960
0.015464
-0.077051
0.001711
0.100118
0.128551
0.119883
0.019478
-0.135243
-0.123822
0.030396
0.016166
-0.154576
-0.100440
0.197444
0.302834
0.100176
-0.043289
0.024662
0.076398
0.024715
-0.028685
-0.090434
-0.118120
0.022107
0.140910
-0.053266
-0.279775
-0.123761
0.117152
0.016720
-0.122775
0.045721
0.184430
0.007726
-0.166702
-0.097358
0.022303
0.048411
0.034453
0.007377
0.006556
0.062113
0.058196
-0.042512
-0.062128
0.023064
0.012616
-0.077096
-0.043917
0.054453
0.035273
-0.010602
0.053157
0.084093
-0.020803
-0.062394
0.062639
0.124503
-0.004471
-0.133440
-0.162107
-0.199491
-0.192212
-0.006742
0.163801
0.083166
-0.047243
0.021274
0.104365
0.007854
-0.089631
-0.044032
0.012986
-0.009576
-0.067199
-0.113727
-0.064695
0.081470
0.095697
-0.088007
-0.134105
0.082570
0.166191
-0.083766
-0.298138
-0.199200
-0.009680
0.017869
-0.016030
0.068067
0.170589
0.077044
-0.114205
-0.105077
0.036270
-0.022702
-0.192970
-0.121925
0.055060
-0.015394
-0.152555
-0.027129
0.159278
0.123781
0.032522
0.060817
0.072704
0.007249
-0.000178
0.067978
0.095451
0.044312
-0.022347
-0.022179
0.045085
0.054564
-0.045611
-0.113915
-0.082749
-0.073024
-0.090881
0.007405
0.182962
0.244574
0.169659
0.076438
0.016965
-0.001231
0.030950
0.070254
0.069961
0.049912
0.029168
-0.016240
-0.079894
-0.091686
-0.005273
0.095212
0.067942
-0.050366
-0.071941
-0.008579
-0.053839
-0.144468
-0.040775
0.142018
0.098109
-0.060031
-0.016981
0.130782
0.113460
0.023555
0.056015
0.101664
0.031433
-0.032084
-0.008272
-0.002023
-0.024381
0.020330
0.073234
0.027136
-0.032826
-0.019601
-0.023220
-0.051422
0.035330
0.181116
0.184529
0.096863
0.085114
0.077718
-0.002383
-0.016556
0.045432
0.005153
-0.092189
-0.068331
0.008923
0.042033
0.117607
0.173195
0.044908
-0.070661
0.086338
0.266506
0.143706
-0.085765
-0.124881
-0.062930
-0.038553
0.031626
0.159832
0.179415
0.040362
-0.081554
-0.043427
0.048663
0.018550
-0.065747
-0.030775
0.045274
0.016513
0.001102
0.077065
0.050284
-0.076227
-0.016214
0.178461
0.174450
0.030464
0.015904
0.040243
-0.030474
-0.021110
0.087978
0.049393
-0.072658
0.005752
0.162069
0.090586
-0.096828
-0.132212
-0.077151
-0.073264
-0.038898
0.062801
0.068267
-0.065125
-0.133647
-0.022518
0.108769
0.092052
-0.006238
-0.038243
-0.018694
-0.047500
-0.095580
-0.072371
-0.023503
-0.033024
-0.033051
0.035192
0.041627
-0.064669
-0.077452
0.069251
0.115240
-0.024115
-0.091124
-0.039682
-0.108264
-0.236057
-0.138205
0.073984
0.077387
-0.056123
-0.070790
-0.001747
0.025880
0.042682
0.038540
-0.036376
-0.070505
0.018369
0.086618
0.047387
0.026176
0.066558
0.047190
-0.048596
-0.109461
-0.108307
-0.082216
-0.004862
0.117944
0.155077
0.032151
-0.109633
-0.102442
0.005687
0.057774
0.023788
-0.030349
-0.081151
-0.108377
-0.053466
0.068053
0.133016
0.061384
-0.076443
-0.138593
-0.074795
0.032201
0.117844
0.212459
0.278563
0.185309
-0.029289
-0.146788
-0.100361
-0.017418
0.034204
0.049798
-0.009389
-0.101481
-0.118949
-0.076093
-0.035442
0.021637
0.052787
-0.028747
-0.122096
-0.093499
-0.052491
-0.100495
-0.099784
0.001351
0.031735
-0.041204
-0.068063
-0.042930
-0.050885
-0.026980
0.085109
0.142761
0.031191
-0.114841
-0.096994
0.056031
0.126732
0.027598
-0.079073
-0.073605
-0.063446
-0.104538
-0.053744
0.094429
0.113412
-0.027871
-0.079394
0.029755
0.097299
0.047263
0.001482
0.006128
0.025003
0.057596
0.051825
-0.052987
-0.130321
-0.048550
0.038798
-0.029730
-0.097640
-0.027859
0.012634
-0.072706
-0.127384
-0.111750
-0.125382
-0.089896
0.055035
0.099576
-0.015904
-0.014253
0.123333
0.054074
-0.204983
-0.241328
-0.024657
0.077767
0.005705
-0.011701
0.019194
-0.018709
-0.017728
0.072377
0.048739
-0.107311
-0.114445
0.061952
0.119042
-0.019702
-0.112694
-0.059171
0.025324
0.056718
-0.003253
-0.136058
-0.177299
-0.039734
0.097838
0.083738
-0.010848
-0.091135
-0.087296
0.055257
0.169061
0.051254
-0.102647
-0.044292
0.034761
-0.021456
-0.001167
0.086459
0.000024
-0.082792
0.071696
0.139423
-0.074320
-0.167887
-0.005375
0.046654
-0.054726
-0.060779
-0.023947
-0.028084
0.051737
0.143710
0.095248
0.057685
0.111948
0.067060
-0.049659
-0.052258
-0.031942
-0.062174
0.016579
0.141650
0.092056
-0.023947
-0.036909
-0.048806
-0.075658
-0.012816
0.023886
-0.032895
0.010205
0.130676
0.082995
-0.059177
-0.077599
-0.034169
0.004500
0.106897
0.162993
0.061812
-0.024467
-0.017415
-0.066231
-0.110368
0.003621
0.097549
0.005608
-0.061724
0.025820
0.058068
-0.051104
-0.093023
0.034513
0.168654
0.156817
0.059618
0.019777
0.023628
-0.037996
-0.109979
-0.059800
0.042648
0.061102
0.040268
0.036890
-0.009119
-0.072518
-0.058037
-0.018590
-0.040042
-0.062911
-0.041631
-0.036067
-0.052553
-0.042227
-0.024535
-0.028123
-0.019087
0.015676
0.031251
-0.005488
-0.075530
-0.124487
-0.117045
-0.079591
-0.055049
-0.049485
-0.052444
-0.043533
0.005495
0.064436
0.052888
-0.035724
-0.108376
-0.083838
0.012651
0.055671
-0.019863
-0.083946
-0.024181
0.022668
-0.060128
-0.124373
-0.081053
-0.066203
-0.088625
-0.021787
0.053720
0.016601
-0.018747
0.013997
0.000502
-0.041480
-0.023983
-0.030946
-0.070421
-0.007717
0.050178
-0.059010
-0.095528
0.119050
0.215528
-0.042048
-0.255304
-0.130152
0.048182
0.031022
-0.032507
-0.007341
0.034717
0.042568
0.028021
-0.030292
-0.112857
-0.115393
-0.007613
0.076778
0.026753
-0.066498
-0.080395
-0.090198
-0.172189
-0.156060
0.065147
0.217130
0.065097
-0.150021
-0.136051
-0.029301
-0.026038
0.004265
0.136114
0.138299
-0.043644
-0.121867
-0.026623
-0.001576
-0.046185
0.033390
0.102172
-0.033273
-0.122751
0.044770
0.152767
-0.031120
-0.202305
-0.125337
0.002723
0.017387
-0.012973
-0.051256
-0.097783
-0.087429
-0.004969
0.088568
0.130837
0.058756
-0.076281
-0.082697
0.031961
0.017503
-0.131560
-0.156743
-0.046330
0.012699
0.030998
0.059774
-0.005478
-0.138578
-0.159830
-0.076787
-0.006928
0.062012
0.110315
0.041375
-0.063979
-0.057467
-0.000702
0.022681
0.080218
0.138549
0.059443
-0.063668
-0.026531
0.090694
0.085067
0.004688
-0.009686
0.004541
-0.002719
0.030761
0.071093
0.004312
-0.094945
-0.088219
-0.065862
-0.126095
-0.126195
-0.019121
-0.008835
-0.091537
-0.023281
0.123069
0.059127
-0.105671
-0.068597
0.066152
0.043626
-0.031364
0.036815
0.135057
0.074049
-0.082672
-0.130251
-0.014541
0.096352
0.068932
0.031970
0.127912
0.193899
0.047939
-0.129276
-0.098290
0.028005
0.035346
-0.025507
-0.011767
0.036829
0.023628
-0.007046
0.005086
-0.022318
-0.124251
-0.119809
0.075302
0.212522
0.123247
0.014589
0.037097
0.030902
-0.066482
-0.086755
0.006139
0.074585
0.050741
-0.038261
-0.097997
-0.043102
-0.009612
-0.140318
-0.182410
0.052761
0.164923
-0.075520
-0.155614
0.154157
0.264147
-0.041713
-0.167079
0.077046
0.153544
-0.090152
-0.199189
-0.013673
0.136793
0.064786
-0.049645
-0.016717
0.083222
0.050435
-0.086241
-0.088032
0.083087
0.174645
0.051036
-0.101099
-0.060748
0.117732
0.172628
0.001120
-0.165074
-0.112754
0.008045
-0.023222
-0.102804
-0.027099
0.132131
0.154871
0.012467
-0.089982
-0.002092
0.115550
0.024279
-0.142219
-0.082514
0.084912
0.024222
-0.164937
-0.130062
0.098554
0.189411
0.019741
-0.206402
-0.216068
-0.008085
0.093572
-0.074351
-0.236178
-0.198508
-0.140288
-0.116437
0.014451
0.101468
-0.042577
-0.134015
0.041162
0.134902
-0.065842
-0.230696
-0.173978
-0.092741
-0.039367
0.046054
0.018175
-0.127080
-0.083326
0.171253
0.249665
0.051281
-0.075326
0.040872
0.164271
0.092320
-0.070266
-0.128611
-0.068405
-0.015412
-0.023224
-0.047200
-0.072148
-0.085923
-0.029512
0.043675
-0.023426
-0.163474
-0.117577
0.084525
0.129983
-0.031961
-0.142456
-0.117422
-0.104607
-0.126191
-0.074381
0.020414
0.026899
-0.042098
-0.038468
0.061206
0.072427
-0.098225
-0.232237
-0.131536
0.020134
-0.015948
-0.105359
-0.047431
0.027513
-0.031625
-0.074756
0.029548
0.128462
0.063656
-0.078972
-0.114462
-0.008296
0.069067
-0.012553
-0.099105
-0.011858
0.084470
0.000099
-0.063065
0.076397
0.169468
0.015488
-0.183010
-0.250675
-0.226097
-0.075228
0.182136
0.280981
0.133867
-0.004084
-0.055672
-0.170456
-0.233802
-0.045651
0.192977
0.208970
0.109242
0.053637
-0.029600
-0.155982
-0.212864
-0.195201
-0.115620
0.096773
0.319581
0.252548
-0.088748
-0.319025
-0.233479
-0.045280
-0.016740
-0.110890
-0.102377
0.050747
0.122740
0.006710
-0.083017
-0.013489
0.035046
-0.011211
0.048969
0.225292
0.247451
0.069900
-0.070464
-0.093953
-0.103957
-0.099028
-0.023469
0.065218
0.086858
0.045511
-0.001430
-0.000618
0.019039
-0.031449
-0.121519
-0.122989
-0.057060
-0.055308
-0.115021
-0.149959
-0.129322
-0.017829
0.156897
0.204181
0.059249
-0.051724
-0.019434
-0.011701
-0.054570
0.002883
0.087177
0.040559
0.000725
0.104936
0.141685
-0.028829
-0.129149
0.044847
0.222995
0.123128
-0.084660
-0.127997
-0.081981
-0.116834
-0.154164
-0.110216
-0.088733
-0.087661
0.002100
0.042061
-0.108263
-0.178981
-0.000114
0.061812
-0.151935
-0.187496
0.110462
0.256281
0.072111
-0.040318
0.094688
0.242641
0.253796
0.132619
-0.047877
-0.064226
0.151415
0.253979
0.039625
-0.158487
-0.076033
0.047361
-0.025821
-0.159526
-0.181393
-0.121416
-0.022476
0.142713
0.309833
0.311963
0.130231
-0.001075
0.085396
0.213631
0.156953
-0.000511
-0.093590
-0.166635
-0.233847
-0.142707
0.072472
0.151496
0.061136
0.004169
-0.015513
-0.123671
-0.194128
-0.049713
0.139422
0.117819
-0.021673
-0.055260
-0.032552
-0.123541
-0.259874
-0.216027
0.031843
0.220002
0.116144
-0.152907
-0.228338
0.013642
0.293833
0.282801
-0.022650
-0.320406
-0.338521
-0.124892
0.073865
0.179226
0.247410
0.163877
-0.143115
-0.357484
-0.224259
-0.001760
0.074271
0.173761
0.293686
0.129005
-0.225768
-0.334886
-0.159527
0.034772
0.167297
0.194282
0.028126
-0.178997
-0.249956
-0.286490
-0.298531
-0.088079
0.233602
0.319586
0.165037
-0.009602
-0.145631
-0.224737
-0.216421
-0.195540
-0.117658
0.158906
0.410633
0.279750
-0.064978
-0.241286
-0.281621
-0.312198
-0.201711
0.043785
0.180948
0.144087
0.042976
-0.072443
-0.146167
-0.136881
-0.119448
-0.096871
0.010104
0.094528
0.051785
0.073883
0.246977
0.267942
-0.012060
-0.314204
-0.428382
-0.413253
-0.304954
-0.100280
0.128016
0.338629
0.484106
0.411803
0.137526
-0.024437
0.060533
0.084948
-0.179330
-0.453057
-0.357762
0.000999
0.197829
0.124093
0.077599
0.210299
0.324637
0.285014
0.171159
0.005708
-0.214889
-0.331067
-0.270031
-0.210467
-0.208439
-0.110259
0.025584
0.004562
-0.045549
0.073150
0.152771
-0.026061
-0.219052
-0.166853
-0.033627
-0.030701
-0.100666
-0.137557
-0.099235
0.034187
0.140814
0.072331
-0.029223
0.046040
0.156487
0.091734
-0.015394
0.009556
0.059072
0.006273
-0.104920
-0.201887
-0.200954
-0.044584
0.103263
0.045756
-0.051185
0.082478
0.274317
0.134133
-0.273442
-0.441901
-0.147337
0.174770
0.029470
-0.364742
-0.380492
0.056905
0.425445
0.402094
0.114683
-0.161396
-0.152748
0.159889
0.340307
0.078048
-0.277847
-0.287462
0.000265
0.327739
0.423248
0.048686
-0.498195
-0.533802
-0.062145
0.273423
0.286324
0.158649
-0.152795
-0.405519
-0.099069
0.397576
0.285856
-0.149319
-0.173152
-0.002659
-0.016141
0.113219
0.380276
0.211851
-0.256394
-0.355739
-0.126604
0.021355
0.108191
0.124676
-0.135392
-0.443114
-0.397989
-0.106449
0.160954
0.339065
0.268009
-0.123869
-0.428237
-0.313311
-0.029469
0.131836
0.205978
0.172706
-0.080626
-0.395600
-0.473446
-0.261444
0.066280
0.333415
0.425705
0.270072
-0.086844
-0.381581
-0.356199
-0.122627
0.051364
0.202011
0.377915
0.287899
-0.103663
-0.329427
-0.305225
-0.427863
-0.556040
-0.213542
0.311856
0.420663
0.242170
0.121042
-0.059374
-0.310891
-0.320312
-0.080500
0.133685
0.238186
0.232645
0.109203
0.018585
0.012212
-0.095233
-0.275286
-0.294088
-0.192243
-0.103375
0.068072
0.300611
0.374145
0.282137
0.117611
-0.154128
-0.375666
-0.320352
-0.218599
-0.312717
-0.270796
0.097580
0.322786
0.156802
-0.012497
0.017251
0.027441
-0.033378
-0.065702
-0.159766
-0.353937
-0.442814
-0.307742
-0.077948
0.089193
0.152652
0.177525
0.248890
0.320498
0.247940
0.040249
-0.105190
-0.090256
-0.054834
-0.131102
-0.222136
-0.192181
-0.120924
-0.123481
-0.106911
0.018003
0.137115
0.155872
0.108998
0.014302
-0.064416
-0.017292
0.033098
-0.100341
-0.233151
-0.144628
-0.039867
-0.072360
-0.017069
0.138157
0.097988
-0.080547
-0.092453
0.002348
-0.021091
-0.124416
-0.185418
-0.159600
-0.033900
0.047674
-0.077464
-0.223110
-0.120498
0.099070
0.156583
0.033243
-0.121365
-0.134770
0.047914
0.148544
-0.095207
-0.369230
-0.210423
0.214481
0.385524
0.149913
-0.229342
-0.385605
-0.152107
0.177645
0.148290
-0.198591
-0.402803
-0.258119
0.019138
0.130991
-0.030176
-0.275427
-0.295641
-0.044839
0.226362
0.270785
0.012472
-0.346482
-0.383571
-0.001743
0.324259
0.238856
-0.046350
-0.244563
-0.273395
-0.037506
0.369496
0.492160
0.124694
-0.325743
-0.423824
-0.162388
0.219427
0.414548
0.205064
-0.228279
-0.429224
-0.251753
0.010731
0.110856
0.093827
0.027600
-0.134974
-0.293841
-0.173872
0.207613
0.420252
0.223104
-0.121296
-0.324596
-0.407223
-0.439083
-0.353148
-0.098979
0.185543
0.192074
-0.205036
-0.620048
-0.592159
-0.231885
0.108115
0.425442
0.734297
0.743056
0.372658
-0.064519
-0.396485
-0.645236
-0.691944
-0.462687
-0.150700
0.057453
0.143727
0.127355
0.030560
-0.145427
-0.417847
-0.630090
-0.516533
-0.091621
0.364160
0.666318
0.781651
0.717575
0.498533
0.098166
-0.442484
-0.828679
-0.865085
-0.748226
-0.558448
-0.085872
0.514001
0.812591
0.892725
1.030824
0.957994
0.373933
-0.429329
-1.077329
-1.516935
-1.706155
-1.558517
-1.133682
-0.569427
-0.024296
0.407211
0.861479
1.407597
1.735753
1.646726
1.372023
1.038973
0.539192
-0.025112
-0.504323
-0.972620
-1.362906
-1.484516
-1.427768
-1.222265
-0.617547
0.219318
0.732311
0.911174
1.102536
1.182965
0.945240
0.642825
0.450893
0.207719
-0.064876
-0.154170
-0.066087
0.036373
0.044140
-0.039064
-0.060401
0.035311
0.011747
-0.220892
-0.388102
-0.394688
-0.429997
-0.454943
-0.326272
-0.213562
-0.257288
-0.247004
-0.037392
0.195876
0.256688
0.155791
0.074057
0.162000
0.317133
0.357570
0.343362
0.370909
0.306507
0.064991
-0.202586
-0.328709
-0.234561
0.004007
0.101764
-0.020570
-0.026189
0.187076
0.268551
0.131746
0.027305
-0.023238
-0.048698
0.075809
0.146652
-0.115163
-0.316955
-0.035454
0.296845
0.186958
-0.099534
-0.182850
-0.070017
0.129475
0.211962
-0.032435
-0.352283
-0.314462
0.026800
0.368738
0.548499
0.357528
-0.217084
-0.610631
-0.379740
0.099256
0.234377
-0.052798
-0.440301
-0.514264
-0.086950
0.504045
0.762403
0.620554
0.273830
-0.127652
-0.327681
-0.134713
0.164114
0.141106
-0.180276
-0.452118
-0.375637
0.180446
1.035426
1.686960
1.664527
0.812563
-0.638374
-2.060896
-2.748916
-2.411426
-1.218760
0.371280
1.623871
1.878766
1.150828
-0.000920
-1.096378
-1.806426
-1.785631
-0.988193
0.097897
0.886104
1.191746
1.151193
0.845667
0.268050
-0.363626
-0.654287
-0.554341
-0.393585
-0.283500
-0.065360
0.169105
0.192327
0.105317
0.083602
0.047161
-0.029463
-0.064322
-0.189314
-0.445161
-0.494194
-0.274151
-0.189016
-0.210720
0.090944
0.494401
0.452768
0.212028
0.224533
0.159877
-0.251727
-0.489239
-0.289988
-0.097479
-0.025290
0.203196
0.385187
0.220343
-0.000822
-0.030127
-0.077013
-0.168564
-0.128512
-0.083920
-0.137747
-0.125806
-0.130761
-0.344267
-0.522370
-0.461333
-0.360606
-0.168682
0.317695
0.685165
0.531168
0.277615
0.247364
0.091496
-0.176049
-0.093159
0.165012
0.121706
-0.039806
-0.038063
-0.086648
-0.231886
-0.212044
-0.110332
-0.144507
-0.160534
-0.034997
0.040861
-0.008587
-0.053195
-0.062241
-0.074204
-0.081730
-0.084760
-0.059600
0.005734
0.025314
0.001781
0.069257
0.161234
0.073258
-0.114656
-0.171879
-0.101861
-0.018219
0.047380
0.063881
0.032132
-0.005577
-0.100634
-0.236412
-0.203054
0.001320
0.092353
0.058630
0.145219
0.260993
0.107468
-0.241403
-0.385520
-0.035932
0.638094
0.934679
0.350365
-0.556617
-0.845018
-0.558291
-0.415196
-0.506599
-0.269570
0.571703
1.547244
1.672943
0.366265
-1.531204
-2.343112
-1.482841
0.047946
1.101781
1.390883
1.191606
0.831813
0.370138
-0.410004
-1.371164
-1.659107
-0.588398
1.327036
2.633938
2.072677
-0.391886
-3.160046
-3.913639
-1.685313
1.995600
4.364358
3.729172
0.597579
-2.881934
-4.388519
-2.966536
0.313432
3.214064
4.000289
2.441214
-0.349371
-2.676478
-3.204588
-1.771132
0.539551
2.217068
2.323226
0.987225
-0.794910
-1.952067
-2.063891
-1.302819
-0.018155
1.250229
1.785621
1.302878
0.283523
-0.624056
-1.177797
-1.359737
-1.115142
-0.486799
0.280074
0.859260
0.986948
0.596420
-0.110916
-0.797000
-1.178719
-1.115355
-0.668395
-0.090784
0.348169
0.507319
0.389345
0.173889
0.117456
0.198835
0.079973
-0.334105
-0.635202
-0.510728
-0.208195
-0.074020
-0.034662
0.122060
0.325336
0.409520
0.394447
0.299163
0.014481
-0.362202
-0.431983
-0.066595
0.280180
0.187336
-0.179164
-0.462759
-0.593358
-0.523479
-0.091609
0.465473
0.543082
0.080968
-0.268757
-0.148927
0.099407
0.192059
0.241366
0.241697
-0.006969
-0.371082
-0.419666
-0.082263
0.193416
0.055259
-0.300655
-0.467359
-0.373790
-0.196899
0.035645
0.293477
0.258484
-0.216800
-0.672694
-0.648539
-0.290160
0.109250
0.500838
0.662445
0.264579
-0.382085
-0.537318
-0.079923
0.420517
0.506718
0.132393
-0.416794
-0.589447
-0.161468
0.293687
0.260140
0.100326
0.160137
-0.024841
-0.627633
-0.791897
-0.049258
0.694639
0.507880
-0.286148
-0.791334
-0.594201
0.139257
0.843377
0.803362
-0.129202
-1.120596
-1.099833
0.069300
1.333755
1.445819
0.226167
-1.305616
-1.986129
-1.259220
0.792994
2.990365
2.909647
-0.674161
-4.768648
-4.221733
1.613511
6.532696
4.349432
-3.003378
-7.066568
-2.915418
4.615891
6.485623
0.381840
-6.287102
-5.344172
2.168215
7.323281
3.990335
-4.259900
-8.435201
-3.905435
4.799837
8.727239
3.775695
-5.187843
-9.566232
-5.483770
3.212101
9.024226
7.311443
-0.025714
-6.537715
-7.175568
-2.378642
3.292992
5.475625
3.073796
-1.502965
-4.577301
-4.149516
-0.995082
2.529434
4.155671
2.910736
-0.227775
-3.028483
-3.812198
-2.476908
-0.094166
1.923717
2.583605
1.802062
0.214198
-1.298825
-1.881810
-1.213061
0.040975
0.856219
0.891368
0.490992
0.054610
-0.245411
-0.475350
-0.700335
-0.623343
0.013976
0.703227
0.723575
0.250627
-0.027959
-0.024032
-0.138679
-0.511877
-0.929381
-1.049004
-0.613770
0.168334
0.684983
0.650399
0.393167
0.298731
0.371286
0.344798
-0.006723
-0.547732
-0.807459
-0.595538
-0.338943
-0.428646
-0.593077
-0.358193
0.215153
0.669699
0.766581
0.635894
0.490477
0.414254
0.350227
0.212397
0.031845
-0.080875
-0.121865
-0.157838
-0.155337
-0.113229
-0.204112
-0.432778
-0.427878
0.002844
0.426266
0.334859
-0.110548
-0.292851
-0.007540
0.249512
0.079113
-0.112843
0.141067
0.333644
-0.153549
-0.633887
-0.177620
0.508042
0.236185
-0.387540
-0.109317
0.468940
0.013540
-0.857271
-0.602112
0.404454
0.585361
-0.112220
-0.525120
-0.401578
-0.192188
0.128645
0.402558
0.042321
-0.459826
0.000648
0.705060
0.099815
-0.933888
-0.390601
0.931841
0.700409
-0.739093
-1.086222
0.068975
0.996767
0.463366
-0.872200
-1.061017
0.714004
1.985906
-0.053359
-3.049148
-1.807262
2.706189
3.267430
-1.909264
-4.701197
0.391480
5.898636
2.004686
-6.648422
-6.187055
4.373844
9.359277
0.198442
-9.801384
-5.134370
7.419396
8.687677
-3.431362
-10.673364
-2.107694
9.497782
6.846104
-6.210458
-10.386760
0.690961
11.180591
5.898667
-8.226515
-12.091603
-0.311001
12.248050
9.933871
-4.360689
-13.209563
-5.999749
8.438349
12.822013
2.022377
-11.561128
-12.766015
-0.278613
12.658636
12.666146
-0.046222
-12.727447
-13.667161
-2.993250
9.213365
12.774417
5.338440
-6.723735
-13.910728
-10.991651
-0.428254
10.038395
13.110938
7.157258
-2.890600
-9.982422
-10.285746
-4.714594
2.726812
7.533453
7.460594
3.610972
-1.289731
-4.836148
-5.443683
-2.938118
1.048407
4.336051
5.529332
4.214815
1.251103
-1.587566
-3.417120
-4.541575
-4.713804
-3.263505
-0.715276
1.760541
3.549156
4.166857
3.469097
2.315550
1.160977
-0.606540
-2.544430
-3.099815
-2.313132
-1.491219
-0.818542
-0.029587
0.452575
0.825621
1.700508
2.322479
1.810578
0.974501
0.655418
0.425384
-0.026658
-0.602651
-1.403971
-1.862119
-1.214997
-0.433470
-0.768910
-1.228851
-0.591466
0.180899
0.056961
-0.321074
-0.315350
-0.050119
0.331826
0.413746
-0.007802
0.043028
0.884915
0.931811
-0.239824
-0.663187
0.259349
0.724310
0.035438
-0.734229
-0.940780
-0.466550
0.375639
0.276753
-0.827002
-0.778975
0.460086
0.069653
-1.564824
-0.920513
1.301138
1.069815
-1.084579
-1.237332
0.671239
1.426274
-0.001633
-1.500879
-0.745935
1.279755
0.738948
-1.927161
-0.973395
2.833392
1.340965
-3.615291
-1.317353
4.659653
1.253429
-5.691807
-1.238433
6.416907
1.255431
-6.665802
-1.544246
5.481734
0.542974
-4.682328
0.186834
3.079385
-2.086173
-2.828355
2.781354
2.060383
-3.583670
-1.921667
3.181208
0.878908
-2.929638
0.421953
2.740193
-2.310802
-3.590223
3.516185
4.252854
-5.398789
-6.377522
6.525909
9.426884
-6.962020
-14.575175
3.658440
18.347474
1.273789
-22.309041
-11.578438
20.176811
22.295501
-11.768524
-29.662968
-0.943422
31.929605
16.312577
-28.111910
-35.620229
8.291354
44.204442
22.110978
-30.600920
-46.978805
-6.579857
41.674086
41.565068
-4.346716
-42.039080
-31.373875
11.399895
38.328638
24.048566
-12.375612
-33.427825
-21.757280
7.926824
28.457095
24.968072
2.726774
-20.337860
-26.736282
-12.380545
9.928915
22.639458
18.711732
3.754645
-11.875465
-19.640895
-16.413751
-5.689820
5.956128
13.492675
14.101418
7.392592
-2.749633
-10.224458
-12.112223
-9.516233
-4.203117
2.339775
7.969401
10.773827
10.253161
7.045444
2.418720
-2.277526
-6.202108
-8.690371
-9.073490
-7.543972
-5.019343
-1.943408
1.465877
4.431848
6.300926
7.023617
6.674940
5.619820
4.346091
2.460227
-0.314705
-2.497834
-2.885928
-2.820448
-3.614933
-4.144129
-3.425231
-2.591966
-2.518387
-2.337699
-1.350096
-0.251407
0.095505
-0.018168
0.336642
1.041655
0.973308
0.234380
0.261722
1.054043
1.081765
0.224053
-0.200011
0.072892
0.215972
-0.164447
-0.766746
-0.883590
-0.261529
-0.017137
-0.866954
-1.312672
-0.390178
0.133036
-0.723739
-1.082104
-0.062349
0.510177
-0.230156
-0.666243
0.268717
1.090151
-0.042150
-1.791018
-0.934080
1.583861
1.076128
-1.944111
-1.601508
1.878980
1.828918
-1.838222
-2.249918
1.247049
2.302792
-0.734708
-2.728920
-0.500886
2.516660
1.117427
-3.144949
-2.675243
2.752501
3.127233
-3.200520
-4.187214
2.661037
3.875571
-3.344164
-4.727568
2.734369
4.610460
-2.788525
-5.493905
1.815664
6.108898
-0.811866
-7.066576
-0.392314
8.148848
1.197915
-10.014911
-2.048069
12.422449
3.029213
-15.064382
-4.301835
17.055235
4.970185
-18.765393
-5.184971
19.854605
4.206933
-21.641239
-3.501173
23.544905
3.371666
-26.057403
-6.614156
24.459462
8.494102
-21.376704
-8.558596
19.102379
8.204536
-18.971111
-11.009828
17.227279
15.112487
-13.323779
-19.328133
6.894265
22.287565
2.633376
-20.447909
-11.816026
13.566394
17.379764
-3.570233
-17.244997
-5.966922
12.196344
12.979724
-3.121233
-15.917418
-11.215619
5.258306
16.518353
12.330739
-2.283015
-14.185384
-14.818703
-5.733102
5.218843
10.686568
8.221272
0.727805
-6.550665
-9.861508
-8.294262
-3.022691
3.251632
7.422441
8.284892
6.802346
3.862840
-0.116155
-3.787346
-5.791509
-6.336518
-5.934417
-4.361621
-2.020706
0.075036
1.851080
3.501549
4.421137
4.477161
4.378752
4.166278
3.463715
2.577383
1.752867
0.905275
0.374249
0.108097
-0.555535
-1.136474
-0.860757
-0.803101
-1.593615
-1.631328
-0.779210
-0.981876
-1.668210
-0.939163
-0.206052
-0.989632
-1.262063
-0.274515
-0.283316
-0.988333
-0.311951
0.430104
-0.318456
-0.667806
0.090801
0.074697
-0.464565
-0.168405
0.019689
-0.352661
-0.190672
-0.048739
-0.549129
-0.401850
0.058413
-0.580170
-0.864592
-0.015087
-0.271951
-1.077034
-0.139241
0.277124
-1.237675
-0.919857
0.896619
-0.238769
-1.759850
0.214219
0.938606
-1.663163
-1.416570
1.198328
0.036729
-1.757993
0.205388
0.729541
-1.527151
-0.726388
0.926226
-1.170498
-1.709022
1.049665
0.203526
-2.239592
-0.024477
1.202665
-1.985449
-1.590938
1.593778
-0.458084
-2.515767
0.799118
0.923256
-2.728255
-0.549284
2.305606
-1.963929
-3.098113
2.384902
1.360467
-3.872288
-0.563039
3.298709
-1.439696
-2.965654
1.916903
0.678303
-3.233864
-0.029201
1.616363
-2.349257
-1.036523
2.277709
-1.918733
-3.706957
1.720325
0.748679
-4.371451
-0.459692
2.716195
-3.467738
-3.592492
3.286928
-0.169341
-5.916335
0.851795
4.157771
-4.331536
-4.122269
4.174684
0.584269
-4.832621
2.095176
3.485842
-4.990081
-1.444372
6.458933
-1.887633
-6.601598
6.031224
5.046194
-11.789892
-3.928578
17.299811
2.772747
-24.513018
-7.833880
24.010355
8.628415
-27.499723
-19.483436
17.379348
21.305417
-10.298849
-27.283954
-8.590153
16.259582
15.420220
-7.362496
-25.123029
-21.990217
-4.979101
11.342536
18.503342
14.859505
4.242519
-6.441839
-13.285879
-16.652167
-16.756549
-13.515149
-9.137245
-5.821986
-3.133942
-0.381835
1.650401
2.635310
3.328228
3.998276
4.341894
4.444083
4.500734
4.327120
3.839303
3.355908
3.128478
3.058475
2.959876
2.778864
2.539960
2.266599
1.994886
1.795483
1.680130
1.504718
1.202580
1.048301
1.227477
1.353745
1.105538
0.882885
1.009845
1.073515
0.837832
0.732306
0.897104
0.952038
0.832325
0.757665
0.707398
0.661194
0.703344
0.689278
0.537727
0.500769
0.617291
0.628510
0.553124
0.544968
0.531231
0.538778
0.673247
0.706035
0.494195
0.355375
0.408025
0.392642
0.349927
0.469229
0.534861
0.396502
0.337174
0.440118
0.432068
0.312231
0.341433
0.516465
0.608633
0.520674
0.365588
0.327531
0.434478
0.495292
0.391824
0.259721
0.258896
0.371065
0.452428
0.380797
0.218653
0.156144
0.204451
0.206870
0.176029
0.242831
0.341646
0.308394
0.168045
0.098659
0.195063
0.320669
0.262206
0.100681
0.124625
0.289865
0.291608
0.154817
0.118913
0.143856
0.113760
0.133309
0.230432
0.253912
0.185678
0.115496
0.044638
-0.006040
0.028600
0.101608
0.125505
0.099873
0.061156
0.063023
0.136654
0.204383
0.216642
0.239117
0.233790
0.110146
0.017904
0.102890
0.182466
0.120547
0.080026
0.126684
0.152247
0.180077
0.220004
0.139395
0.014561
0.060285
0.149877
0.046294
-0.094975
-0.037537
0.100219
0.129416
0.078974
0.017587
-0.018161
0.050283
0.168450
0.112247
-0.098509
-0.116160
0.121465
0.208792
0.015690
-0.068319
0.076274
0.114214
0.001707
-0.036980
-0.084345
-0.155166
0.056123
0.351916
0.209255
0.016199
0.381450
0.622518
